334,5
334,4
334,3
334,2
334,1
334,0
333,6
333,5
333,4
333,3
333,2
333,1
333,0
332,6
332,5
332,4
332,3
332,2
332,1
332,0
331,6
331,5
331,4
331,3
331,2
331,1
331,0
330,4
330,3
330,2
330,1
330,0
329,4
329,3
329,2
329,1
329,0
328,4
328,3
328,2
328,1
328,0
327,3
327,2
327,1
327,0
326,3
326,2
326,1
326,0
325,4
325,3
325,2
325,1
325,0
324,4
324,3
324,2
324,1
324,0
323,4
323,3
323,2
323,1
323,0
322,4
322,3
322,2
322,1
322,0
321,4
321,3
321,2
321,1
321,0
320,4
320,3
320,2
320,1
320,0
319,4
319,3
319,2
319,1
319,0
318,3
318,2
318,1
318,0
317,4
317,3
317,2
317,1
317,0
316,3
316,2
316,1
316,0
315,3
315,2
315,1
315,0
314,5
314,4
314,3
314,2
314,1
314,0
313,3
313,2
313,1
313,0
312,4
312,3
312,2
312,1
312,0
311,3
311,2
311,1
311,0
310,5
310,4
310,3
310,2
310,1
310,0
309,6
309,5
309,4
309,3
309,2
309,1
309,0
308,6
308,5
308,4
308,3
308,2
308,1
308,0
307,6
307,5
307,4
307,3
307,2
307,1
307,0
306,4
306,3
306,2
306,1
306,0
305,4
305,3
305,2
305,1
305,0
304,4
304,3
304,2
304,1
304,0
303,3
303,2
303,1
303,0
302,3
302,2
302,1
302,0
301,4
301,3
301,2
301,1
301,0
300,4
300,3
300,2
300,1
300,0
299,4
299,3
299,2
299,1
299,0
298,4
298,3
298,2
298,1
298,0
297,4
297,3
297,2
297,1
297,0
296,4
296,3
296,2
296,1
296,0
295,4
295,3
295,2
295,1
295,0
294,3
294,2
294,1
294,0
293,4
293,3
293,2
293,1
293,0
292,3
292,2
292,1
292,0
291,3
291,2
291,1
291,0
290,5
290,4
290,3
290,2
290,1
290,0
289,3
289,2
289,1
289,0
288,4
288,3
288,2
288,1
288,0
287,3
287,2
287,1
287,0
0,310
0,305
0,308
0,307
0,302
0,304
0,303
0,12
0,10
0,8
0,0
0,416
0,415
0,300
0,414
0,413
0,299
0,565
0,498
0,298
0,566
0,412
0,297
0,564
0,411
0,296
0,531
0,410
0,295
0,530
0,497
0,294
0,532
0,409
0,293
0,529
0,479
0,292
0,496
0,406
0,291
0,495
0,405
0,290
0,528
0,289
0,527
0,492
0,288
0,526
0,404
0,287
0,543
0,403
0,286
0,542
0,402
0,285
0,525
0,400
0,284
0,524
0,399
0,283
0,491
0,401
0,282
0,398
0,281
0,550
0,396
0,280
0,395
0,394
0,279
0,393
0,278
0,391
0,390
0,277
0,389
0,388
0,276
0,523
0,490
0,275
0,522
0,387
0,274
0,521
0,386
0,273
0,541
0,385
0,272
0,520
0,489
0,271
0,488
0,384
0,270
0,487
0,383
0,269
0,558
0,268
0,466
0,381
0,267
0,540
0,486
0,266
0,538
0,485
0,265
0,515
0,380
0,264
0,517
0,379
0,263
0,519
0,378
0,262
0,480
0,484
0,261
0,572
0,377
0,260
0,514
0,462
0,259
0,513
0,568
0,258
0,483
0,374
0,257
0,512
0,451
0,256
0,557
0,476
0,255
0,567
0,373
0,254
0,467
0,372
0,253
0,575
0,371
0,252
0,549
0,477
0,251
0,458
0,370
0,250
0,548
0,369
0,249
0,563
0,368
0,248
0,474
0,367
0,247
0,556
0,473
0,246
0,562
0,475
0,245
0,471
0,366
0,244
0,365
0,242
0,472
0,364
0,241
2,3
2,1
0,329
0,345
0,375
0,376
0,392
0,397
0,408
0,433
0,440
0,481
0,482
0,494
0,504
0,516
3,0
3,1
263,0
263,1
263,3
265,1
265,2
266,0
266,1
266,3
266,5
267,0
267,2
267,3
268,1
268,2
269,0
269,2
269,3
270,0
270,1
270,3
271,1
271,2
271,4
272,0
272,2
272,4
273,0
273,2
273,3
275,0
275,1
275,3
277,0
277,1
277,3
277,4
280,1
280,3
280,4
282,1
282,2
282,4
285,0
285,2
285,4
285,5
286,0
286,1
286,3
286,5
286,4
286,2
285,6
285,3
285,1
282,3
282,0
280,2
280,0
277,2
275,4
275,2
273,4
273,1
272,3
272,1
271,3
271,0
270,2
269,4
269,1
268,3
268,0
267,1
266,4
266,2
265,3
265,0
263,2
3,3
0,539
0,499
0,493
0,470
0,431
0,407
0,382
0,361
0,322
0,243
2,0
1,1
1,3
1,0
0,9
0,468
0,363
0,240
0,547
0,574
0,239
0,469
0,362
0,238
0,511
0,518
0,237
0,546
0,360
0,236
0,359
0,235
0,510
0,448
0,234
0,509
0,463
0,233
0,465
0,358
0,232
0,461
0,357
0,231
0,460
0,356
0,230
0,464
0,355
0,229
0,354
0,228
0,457
0,353
0,227
0,508
0,459
0,226
0,456
0,352
0,225
0,537
0,351
0,224
0,507
0,350
0,223
0,454
0,349
0,222
0,555
0,453
0,221
0,506
0,455
0,220
0,571
0,348
0,219
0,450
0,347
0,218
0,452
0,346
0,217
0,505
0,570
0,216
0,536
0,344
0,215
0,569
0,343
0,214
0,573
0,342
0,213
0,553
0,341
0,212
0,545
0,340
0,211
0,535
0,339
0,210
0,338
0,209
0,447
0,337
0,208
0,449
0,336
0,207
0,446
0,445
0,206
0,444
0,335
0,205
0,443
0,334
0,204
0,442
0,333
0,203
0,441
0,332
0,202
0,554
0,439
0,201
0,560
0,503
0,200
0,561
0,331
0,199
0,438
0,330
0,198
0,437
0,478
0,197
0,552
0,328
0,196
0,502
0,435
0,195
0,544
0,434
0,194
0,436
0,327
0,193
0,326
0,192
0,432
0,325
0,63
0,324
0,62
0,430
0,323
0,61
0,429
0,321
0,60
0,428
0,427
0,59
0,559
0,320
0,58
0,426
0,319
0,57
0,425
0,318
0,56
0,534
0,317
0,55
0,533
0,501
0,54
0,500
0,424
0,53
0,316
0,52
0,551
0,315
0,51
0,422
0,314
0,50
0,421
0,313
0,49
0,423
0,312
0,48
0,420
0,311
0,47
0,419
0,309
0,46
0,418
0,306
0,45
0,417
0,301
0,6
0,5
0,1
0,11
0,4
0,2
0,3
0,7
